image_width: 1920
image_height: 1080
camera_name: head_camera
camera_matrix:
  rows: 3
  cols: 3
  data: [567.997531303638, 0, 1016.987439867789, 0, 571.5865195345868, 571.2888590054596, 0, 0, 1]
distortion_model: plumb_bob
distortion_coefficients:
  rows: 1
  cols: 5
  data: [-0.1932684322997631, 0.02070063446299904, -0.002813692755461713, -0.001049523152467681, 0]
rectification_matrix:
  rows: 3
  cols: 3
  data: [1, 0, 0, 0, 1, 0, 0, 0, 1]
projection_matrix:
  rows: 3
  cols: 4
  data: [639.70458984375, 0, 641.836783925537, 0, 0, 954.0895385742188, 519.5153957447546, 0, 0, 0, 1, 0]