image_width: 640
image_height: 480
camera_name: head_camera
camera_matrix:
  rows: 3
  cols: 3
  data: [230.02981,   0.     , 320.91147,
           0.     , 231.38274, 232.41579,
           0.     ,   0.     ,   1.     ]
distortion_model: plumb_bob
distortion_coefficients:
  rows: 1
  cols: 5
  data: [-0.197796, 0.021643, 0.000969, 0.001210, 0.000000]
rectification_matrix:
  rows: 3
  cols: 3
  data: [1., 0., 0.,
         0., 1., 0.,
         0., 0., 1.]
projection_matrix:
  rows: 3
  cols: 4
  data: [180.18625,   0.     , 320.43123,   0.     ,
           0.     , 163.65894, 240.41655,   0.     ,
           0.     ,   0.     ,   1.     ,   0.     ]
