image_width: 640
image_height: 480
camera_name: head_camera
camera_matrix:
  rows: 3
  cols: 3
  data: [213.9124118517909, 0.103311444005922, 323.7722978252469, 0, 213.7440249635869, 229.9738050660136, 0, 0, 1]
distortion_model: equidistant
distortion_coefficients:
  rows: 1
  cols: 4
  data: [-0.02224345349201218, 0.003787484861000749, -0.002164243780271251, -8.962025811768995e-05]
rectification_matrix:
  rows: 3
  cols: 3
  data: [1, 0, 0, 0, 1, 0, 0, 0, 1]
projection_matrix:
  rows: 3
  cols: 4
  data: [213.9124118517909, 0.103311444005922, 323.7722978252469, 0, 0, 213.7440249635869, 229.9738050660136, 0, 0, 0, 1, 0]
