image_width: 640
image_height: 480
camera_name: head_camera
camera_matrix:
  rows: 3
  cols: 3
  data: [244.3003494717003, 0, 323.6462486294714, 0, 243.9029201315334, 239.4957223018271, 0, 0, 1]
distortion_model: equidistant
distortion_coefficients:
  rows: 1
  cols: 5
  data: [-0.2181494938945674, 0.02695143823029976, -0.002914761725749299, 0.002024048723949189, 0]
rectification_matrix:
  rows: 3
  cols: 3
  data: [1, 0, 0, 0, 1, 0, 0, 0, 1]
projection_matrix:
  rows: 3
  cols: 4
  data: [180.8261108398438, 0, 330.5559631926735, 0, 0, 171.4594268798828, 240.1878442850284, 0, 0, 0, 1, 0]
