image_width: 640
image_height: 480
camera_name: head_camera
camera_matrix:
  rows: 3
  cols: 3
  data: [460.5061201536004, 0, 328.169474297232, 0, 460.4550141952083, 231.7794679551875, 0, 0, 1]
distortion_model: plumb_bob
distortion_coefficients:
  rows: 1
  cols: 5
  data: [0.0289890593327882, -0.05503451842009133, -0.0004203002973752313, 0.0001099033147363115, 0]
rectification_matrix:
  rows: 3
  cols: 3
  data: [1, 0, 0, 0, 1, 0, 0, 0, 1]
projection_matrix:
  rows: 3
  cols: 4
  data: [460.2907409667969, 0, 327.9251522111736, 0, 0, 461.2294311523438, 231.1301521423266, 0, 0, 0, 1, 0]